100 200 16800 200 19500 200 20900 200 20700 200 19900 200 21600 200 19400 200 19700 200 21100 200 20700 200 20400 200 19800 200 21600 200 19900 200 28600 200 25200 200 21300 200 19700 200 21300 200 27300 200 19900 200 20600 200 20200 200 21900 200 20300 200 20000 200 21700 200 20200 200 20100 200 19800 200 21400 200 20700 200 20300 200 20000 200 28500 200 15800 200 15600 200 16500 200 15100 200 15900
200 400 34600 400 46400 400 41300 400 39600 400 40800 400 40000 400 40500 400 41500 400 97200 400 63100 400 65900 400 46200 400 43300 400 46800 400 58300 400 58300 400 63700 400 55800 400 56000 400 55300 400 58100 400 42100 400 44200 400 42200 400 56400 400 64100 400 64300 400 57500 400 55100 400 75500 400 55700 400 55600 400 55000 400 62800 400 62900 400 54600 400 61200 400 54600 400 61000 400 41600
300 600 76200 600 26400 600 22100 600 31200 600 34500 600 31300 600 31900 600 29100 600 29000 600 28700 600 21800 600 20600 600 30700 600 27800 600 39100 600 37100 600 26700 600 26500 600 32900 600 20800 600 21400 600 26000 600 28000 600 32100 600 28700 600 30600 600 29700 600 28100 600 21400 600 21800 600 29800 600 28000 600 28000 600 30800 600 40300 600 21100 600 21600 600 21300 600 21800 600 36900
400 800 37800 800 37100 800 38600 800 36400 800 41100 800 39700 800 54500 800 39300 800 40500 800 36400 800 37100 800 42000 800 38500 800 43900 800 55500 800 165100 800 135000 800 117300 800 188100 800 227700 800 246100 800 248600 800 211000 800 201800 800 193300 800 180700 800 213300 800 173800 800 207900 800 242700 800 156700 800 186500 800 178100 800 180800 800 182200 800 184300 800 175100 800 183800 800 175900 800 184000
500 1000 208700 1000 194500 1000 208800 1000 308100 1000 219900 1000 199100 1000 210300 1000 343300 1000 152800 1000 123600 1000 137900 1000 155300 1000 131100 1000 160600 1000 249500 1000 159600 1000 153100 1000 31100 1000 26600 1000 21400 1000 14100 1000 17400 1000 17400 1000 13600 1000 12500 1000 21400 1000 18000 1000 12400 1000 17000 1000 17100 1000 17500 1000 13900 1000 22400 1000 16800 1000 16700 1000 12400 1000 15400 1000 16500 1000 12400 1000 11800
600 1200 18300 1200 18500 1200 18700 1200 17800 1200 17900 1200 13300 1200 12900 1200 41700 1200 31000 1200 19200 1200 17500 1200 32200 1200 24000 1200 23600 1200 23400 1200 17900 1200 46900 1200 27900 1200 22700 1200 22600 1200 26700 1200 22100 1200 21700 1200 23700 1200 17900 1200 24000 1200 22900 1200 22500 1200 28500 1200 22500 1200 22900 1200 27300 1200 18500 1200 18400 1200 35900 1200 21400 1200 21300 1200 17800 1200 18500 1200 18100
700 1400 22200 1400 23200 1400 47900 1400 34700 1400 25200 1400 26000 1400 26500 1400 25400 1400 25500 1400 23900 1400 63700 1400 21400 1400 19600 1400 19900 1400 26600 1400 25200 1400 26700 1400 25400 1400 25500 1400 24700 1400 24600 1400 22200 1400 19700 1400 19900 1400 18700 1400 20000 1400 19900 1400 28200 1400 22400 1400 23800 1400 22700 1400 23500 1400 23800 1400 22400 1400 23100 1400 22800 1400 22500 1400 23100 1400 23200 1400 22000
800 1600 43500 1600 33800 1600 26300 1600 26000 1600 25000 1600 30400 1600 24200 1600 25400 1600 25600 1600 26700 1600 24100 1600 26200 1600 27200 1600 26200 1600 25700 1600 26300 1600 34400 1600 26400 1600 27600 1600 25900 1600 24900 1600 26600 1600 22000 1600 21600 1600 22000 1600 23300 1600 22900 1600 21700 1600 43700 1600 24100 1600 23200 1600 22000 1600 22000 1600 22700 1600 22900 1600 22800 1600 21900 1600 22600 1600 22800 1600 22100
900 1800 29200 1800 25700 1800 37800 1800 25700 1800 28800 1800 28600 1800 28000 1800 27600 1800 28300 1800 30300 1800 25600 1800 24000 1800 23100 1800 50200 1800 25100 1800 24100 1800 23900 1800 23800 1800 25000 1800 24700 1800 26100 1800 24300 1800 23700 1800 24800 1800 24500 1800 27200 1800 32000 1800 24800 1800 24800 1800 28800 1800 24000 1800 24200 1800 28100 1800 23300 1800 25300 1800 27900 1800 25700 1800 35200 1800 48500 1800 23800
1000 2000 26500 2000 27800 2000 25800 2000 26500 2000 25600 2000 30400 2000 26800 2000 31300 2000 31400 2000 30100 2000 25900 2000 29400 2000 26700 2000 28000 2000 27000 2000 27700 2000 29300 2000 27400 2000 26800 2000 57900 2000 34000 2000 39400 2000 38400 2000 26900 2000 29600 2000 26400 2000 30700 2000 26900 2000 29700 2000 27000 2000 27500 2000 28000 2000 26600 2000 28100 2000 27900 2000 27600 2000 26600 2000 30300 2000 26800 2000 30700
1100 2200 58800 2200 37600 2200 30900 2200 32700 2200 33200 2200 33700 2200 32600 2200 32100 2200 35100 2200 32200 2200 38200 2200 30300 2200 32400 2200 36800 2200 34200 2200 37000 2200 34900 2200 33200 2200 41700 2200 33800 2200 42600 2200 39900 2200 35500 2200 36600 2200 31300 2200 32200 2200 35200 2200 33200 2200 46500 2200 31600 2200 31800 2200 36600 2200 32600 2200 33000 2200 34100 2200 42700 2200 36300 2200 31600 2200 33300 2200 32400
1200 2400 63000 2400 35000 2400 33700 2400 39400 2400 36500 2400 36800 2400 34500 2400 40300 2400 41600 2400 36900 2400 35400 2400 35800 2400 39600 2400 38100 2400 35300 2400 35100 2400 37800 2400 37100 2400 48800 2400 65600 2400 33500 2400 38100 2400 40800 2400 38300 2400 36000 2400 38100 2400 38300 2400 34800 2400 36000 2400 38800 2400 40000 2400 38000 2400 35300 2400 34800 2400 37000 2400 38600 2400 45700 2400 34600 2400 72600 2400 33100
