100 543 15800 539 14700 549 14500 539 14100 535 14300 540 13700 545 14300 525 13500 538 13900 548 13700 544 14700 551 14100 543 14400 543 13900 542 13900 537 21700 537 14900 534 13800 550 13800 540 13700 546 14000 536 14300 540 15000 544 13800 548 25700 549 11500 547 11600 542 11400 547 11600 528 11600 540 11200 545 12200 544 11300 559 11700 538 11600 535 11100 531 11300 535 11400 548 11400 545 28300
200 1298 39500 1268 30800 1298 30300 1270 31900 1283 30300 1286 30900 1275 30300 1284 30600 1276 30800 1278 26100 1286 27100 1275 26900 1291 26700 1268 26600 1282 26100 1272 26100 1293 37500 1278 26400 1277 26300 1276 25600 1267 25300 1270 25900 1281 26000 1279 25600 1277 26700 1288 25900 1284 26300 1279 42400 1295 26000 1280 26900 1283 25800 1271 27000 1292 27400 1290 26600 1283 37700 1277 26200 1274 26300 1275 27100 1279 31300 1284 27000
300 2090 43300 2100 43300 2107 42400 2096 43700 2102 42800 2088 43000 2091 46900 2094 41400 2098 41900 2110 41700 2097 41400 2081 45800 2072 41400 2128 42000 2105 41400 2096 41900 2086 42200 2095 41300 2100 41800 2098 42400 2095 41600 2104 41900 2110 41300 2101 42000 2101 45800 2096 41900 2090 41400 2112 41400 2098 42300 2098 41900 2105 41400 2089 41100 2111 41700 2095 41700 2109 40800 2087 41600 2084 42200 2091 41700 2119 41300 2097 42300
400 2963 58800 2952 57800 2971 57500 2983 58300 2949 58100 2978 57500 2967 57400 2966 62400 2954 57000 2958 57700 2962 58200 2976 57800 2956 63400 2958 57200 2950 57500 2961 57500 2969 57400 2963 57500 2968 58300 2966 58400 2932 57900 2954 57600 2961 58100 2958 58500 2941 57900 2970 58000 2969 57800 2962 57600 2960 57700 2952 57700 2956 57500 2946 62200 2952 57800 2948 58200 2960 57600 2974 58300 2967 57700 2965 58400 2967 57900 2961 58100
500 3871 75000 3870 74400 3859 74700 3850 94600 3859 76200 3847 137700 3866 132800 3840 132900 3865 133100 3863 134100 3869 132800 3873 729000 3861 820300 3874 844400 3861 1706900 3838 818500 3846 836600 3867 1226700 3863 755100 3867 587400 3841 775200 3841 584600 3870 587400 3863 597900 3870 585800 3855 583900 3868 591600 3864 585900 3838 597600 3859 254800 3858 264300 3869 247300 3863 247600 3833 246100 3836 256300 3867 253300 3824 247900 3841 276200 3854 299300 3833 273700
600 4785 47300 4785 41600 4803 47700 4814 41100 4807 51800 4807 44100 4780 42200 4793 44400 4805 48400 4770 43800 4795 42300 4801 53800 4797 44800 4811 41100 4813 42700 4782 41100 4808 41600 4809 42000 4814 41500 4804 47900 4791 41100 4817 41300 4811 129300 4790 117700 4789 117100 4785 118100 4776 115900 4793 116100 4795 143400 4758 118500 4790 120700 4779 118700 4809 117300 4796 117900 4800 166700 4786 129800 4796 132900 4793 116300 4816 116900 4796 117200
700 5751 143900 5727 141500 5756 144000 5752 128600 5774 112200 5756 116400 5723 115700 5728 127000 5745 113300 5751 111300 5739 133000 5697 104400 5763 91900 5775 92500 5772 92900 5748 92800 5755 92100 5734 93300 5728 93600 5768 92900 5768 102600 5724 92900 5765 94000 5728 92100 5714 91600 5752 95000 5769 93800 5745 95400 5745 93900 5720 109100 5743 93000 5731 94300 5740 96000 5753 95800 5750 94300 5735 1113700 5752 177100 5735 140100 5763 130300 5751 192500
800 6720 173100 6733 163500 6724 149400 6719 148700 6724 148400 6716 147600 6713 160500 6690 160200 6692 156900 6699 136700 6736 167500 6724 147800 6733 135800 6723 139500 6697 242200 6709 86100 6728 96900 6713 84500 6718 83900 6712 84500 6728 83000 6696 90500 6709 86500 6720 82800 6738 98300 6695 83500 6715 89900 6719 82900 6748 84100 6733 84700 6692 84200 6730 90100 6716 83700 6741 84300 6752 83400 6704 83200 6720 102200 6681 83600 6733 83800 6743 83200
900 7731 95600 7729 94300 7689 94300 7728 94100 7704 95400 7722 95200 7720 94000 7714 101500 7702 94000 7707 95300 7691 95300 7684 94900 7695 94600 7739 94800 7682 93800 7677 94000 7718 94700 7715 93900 7712 93600 7739 94100 7703 94300 7738 94200 7711 94900 7677 63500 7735 64300 7712 64000 7700 64000 7717 63500 7703 64400 7690 64600 7693 63700 7714 68800 7706 68600 7713 63700 7665 63700 7699 63100 7727 64200 7727 63200 7703 63600 7702 63300
1000 8699 72600 8694 71800 8691 72700 8722 72100 8719 71800 8714 71700 8680 76300 8696 71800 8713 71500 8684 70900 8727 72300 8730 71800 8727 71900 8656 71900 8739 71900 8690 71900 8732 72000 8732 71500 8670 109200 8718 84700 8725 82500 8684 84300 8682 77900 8708 78800 8699 78500 8750 82000 8707 78000 8670 78000 8720 78100 8703 82900 8697 78300 8713 80000 8692 77400 8663 85800 8711 80000 8718 79900 8711 79800 8726 84100 8716 78000 8697 79400
1100 9754 89100 9743 88100 9754 87300 9706 87400 9782 86700 9727 87400 9728 87600 9741 87400 9754 86900 9735 87700 9737 87500 9733 86800 9734 87500 9740 87100 9715 87600 9755 88100 9738 77300 9737 78700 9739 78000 9734 78600 9702 78900 9753 78900 9682 90100 9710 101100 9751 86600 9767 88200 9753 94500 9719 77900 9729 78700 9736 77900 9755 90300 9752 91700 9766 91100 9716 93400 9720 76100 9755 76400 9743 76300 9738 87400 9723 86700 9748 86800
1200 10775 127400 10740 90700 10774 85900 10805 83600 10800 116000 10793 100000 10802 98600 10743 97700 10806 86000 10804 87600 10789 91900 10808 104500 10826 99500 10778 100400 10762 87400 10779 86200 10794 86600 10803 86500 10791 98500 10767 99500 10754 99000 10782 88600 10787 87500 10790 87200 10785 86600 10810 98600 10793 98600 10725 99400 10793 99000 10786 85800 10789 84600 10784 86800 10788 98800 10766 99700 10801 99000 10815 86100 10803 85300 10768 85500 10800 103000 10785 100400
