100 596 66900 649 27900 760 26800 658 23600 662 25300 708 24700 669 23300 756 26100 675 23900 645 24200 576 22100 856 27500 560 22700 635 23500 634 23300 679 24300 626 22900 660 25200 701 23900 611 23100 638 25300 797 26900 616 22300 640 23200 606 24500 740 29500 645 22900 705 24000 583 22200 622 23200 593 22400 669 24100 623 26300 643 23500 598 22800 574 22800 869 27100 689 23800 662 23500 673 61100
200 1551 30800 1472 27500 1594 28800 1439 27200 1450 27100 1420 27500 1523 28100 1533 39500 1505 37300 1540 38600 1611 37800 1531 38100 1602 39500 1641 39500 1478 36700 1512 38300 1559 38300 1612 38800 1732 40000 1563 70800 1893 72400 1657 64000 1716 67600 1444 62300 1634 69400 1652 85400 1593 95800 1637 65300 1662 66600 1414 58900 1501 62400 1517 63100 1489 80400 1588 64700 1565 64700 1510 62200 1716 68500 1540 63100 1601 66700 1621 63900
300 2489 95900 2692 105000 2553 120300 2513 101100 2557 102300 2655 106900 2675 103700 2319 98500 2561 105700 2787 157900 2355 101000 2718 109900 2857 113500 2716 107600 2623 107400 2543 77600 2352 40500 2617 38000 2423 37500 2508 38100 2678 37300 2690 37600 2562 37100 2768 35800 2957 39500 2844 13800 2637 12400 2536 11900 2672 12200 2459 12400 2441 12000 2475 12000 2355 11900 2533 11600 2575 11900 2648 11900 2576 11600 2367 11800 2489 11700 2362 11800
400 3747 15700 3598 32300 3478 15700 3464 16300 3514 15400 3757 15600 3432 15700 3533 16000 3503 15700 4357 16300 4048 15800 3517 16200 3859 16000 3669 16300 3216 16000 3661 15900 3586 15200 3667 15900 3664 16300 3575 16100 3656 16600 3266 15700 3682 15900 3573 16100 3907 16400 3491 16300 4147 16300 3991 15600 3439 16700 4011 16000 4321 16700 3515 16000 3546 16600 3345 15600 3663 15700 3663 15600 3666 15700 3895 19800 3401 18900 3642 18200
500 4421 22000 4518 22800 4504 22900 5270 22700 4879 22600 4523 21500 4312 22300 4532 22500 4480 22400 5077 28500 4745 24000 4569 23000 4785 23900 4419 24300 4305 23900 4364 24800 4694 23000 4713 20900 4969 21300 4236 21300 4529 20100 4807 21300 4373 21200 4629 20600 4530 21200 5282 20500 5001 21000 5124 20300 4736 74100 4900 72400 4814 68700 4913 68100 4853 71100 5428 70400 4867 63800 4593 67300 4428 30100 4718 25200 4536 25000 5345 24500
600 6140 40800 6188 29200 5678 29500 6696 28900 6162 31000 5800 29400 6436 29900 6641 30600 5834 30200 5457 29100 5914 28800 5734 30400 5817 41700 5348 30000 6565 29500 5795 29400 5873 29900 5740 29200 6418 30100 5788 29500 5757 29400 5994 28900 5849 30700 5722 29800 5945 29800 6284 30500 5898 30500 5549 31300 6616 29300 6405 29900 5827 32200 6553 30900 6876 32900 5715 41800 5910 29100 6072 29300 6297 29900 5785 29400 6315 29000 6313 29900
700 7763 35000 7150 65900 6838 43200 7273 39100 7481 40300 7373 40400 6672 37900 8049 45700 7678 38300 7154 37200 9274 40000 7387 50100 7429 39300 6665 39100 6502 37600 6862 39500 7420 41200 6958 38400 6932 38500 6797 37500 6923 38600 7323 39200 6740 38300 6925 37900 7294 39800 7801 38100 6731 99400 6750 94200 7078 96400 7649 94200 7985 92000 6975 101900 7145 113200 6880 90300 7082 93900 6701 112100 7441 109100 6794 105500 8113 107100 6891 106300
800 8100 125100 8491 124700 8169 121900 8370 123900 8042 124500 8944 123700 7783 124500 8470 124500 7828 122800 7962 124000 9102 126000 8948 126000 8903 125000 9477 130000 8439 124300 7825 124300 9429 120000 8394 125600 7907 125100 9076 129400 7760 124600 8351 120800 8592 123700 8296 120300 8400 129100 8489 124900 8356 126600 9131 127300 7866 123600 7898 126500 8612 124100 8533 124700 7943 123700 8378 125100 9326 124800 8709 126200 9754 130700 8468 119700 8393 120800 8094 124100
900 9461 142100 9361 141700 9051 143300 9148 142700 9136 145300 10625 142400 9822 145000 9369 146000 9381 49000 10145 45700 9705 45400 9305 43900 9775 43300 9586 43900 10161 43100 9297 44100 9408 44100 9370 44100 9417 44200 8996 43900 9722 52700 10188 43200 9906 44500 10193 40800 9612 69900 9550 63000 9586 54500 9591 55200 10015 56200 10144 54200 9123 54400 9448 69100 9814 53700 9901 55000 9472 60800 10021 53400 9193 55100 8643 54400 8998 54800 8884 54300
1000 10631 62800 10074 62800 12542 62800 10584 61500 11377 63600 11215 61400 10702 63100 10273 203600 10884 125700 10619 122200 11321 123000 10500 119900 11643 142900 10731 119300 11127 118600 11668 120500 11721 120600 10591 119300 11131 146300 10443 120100 12078 119600 10288 119600 11570 122300 10728 120600 11202 125600 11133 116800 11465 120500 10242 118800 11073 124200 10434 106900 11523 85600 10631 85400 11775 87700 10862 88200 12100 87600 10682 88800 11440 86100 11123 90000 10981 87700 12734 85100
1100 12032 99000 11556 98200 13044 98800 12143 101900 11483 98600 12028 96200 11692 99600 11780 98800 12063 104300 13382 101300 11856 97900 12038 99800 11735 95400 13196 100000 12201 94800 11601 95400 11741 98300 12283 95900 12538 94700 11747 96500 14419 99600 12630 96700 14703 109200 13070 96500 11358 96800 12598 97400 13286 101800 12529 97700 12483 57400 12039 72400 12053 66500 12944 65600 13021 65500 11883 59400 12549 58500 12788 57100 12400 68500 11491 58600 12565 58700 13772 61700
1200 12792 73000 14235 61500 14309 66400 12739 79600 13734 72700 13277 71300 13042 72300 13455 64600 12872 62600 13873 64900 14234 86200 13644 70200 13448 71100 13905 64200 13491 63700 14032 62200 12942 64800 13155 65300 12181 65800 14957 65800 13042 64800 12943 63400 13362 65800 14039 65200 14053 78200 13366 70300 14604 68300 12819 79800 13364 65000 14619 64600 13330 63900 12866 79700 13980 88600 15324 70500 13443 80700 13733 65000 13187 64500 13929 92300 14496 70000 14207 70200
