100 4950 17900 4950 17200 4950 17100 4950 17000 4950 17600 4950 16800 4950 17200 4950 17100 4950 16800 4950 17100 4950 16600 4950 16400 4950 16500 4950 17000 4950 17700 4950 16800 4950 16300 4950 17100 4950 17200 4950 16500 4950 16600 4950 17300 4950 16600 4950 16300 4950 17000 4950 17000 4950 16300 4950 16500 4950 16600 4950 16800 4950 17200 4950 16600 4950 17000 4950 17200 4950 16600 4950 16500 4950 17200 4950 17300 4950 16600 4950 17100
200 19900 53300 19900 52000 19900 54700 19900 53500 19900 53000 19900 52200 19900 53200 19900 53800 19900 53200 19900 78300 19900 76800 19900 78200 19900 78100 19900 80000 19900 88300 19900 77200 19900 76000 19900 78200 19900 98500 19900 77700 19900 73100 19900 75400 19900 76200 19900 73700 19900 77100 19900 79000 19900 79400 19900 170000 19900 74800 19900 75700 19900 76100 19900 74600 19900 75900 19900 74300 19900 75600 19900 76300 19900 74000 19900 75000 19900 75800 19900 76500
300 44850 171200 44850 163400 44850 49200 44850 59600 44850 48700 44850 49300 44850 48600 44850 55600 44850 47700 44850 48900 44850 48500 44850 48300 44850 55100 44850 49200 44850 49400 44850 46600 44850 46900 44850 47500 44850 47100 44850 47900 44850 47000 44850 55000 44850 46700 44850 47900 44850 53200 44850 47400 44850 47700 44850 46700 44850 47400 44850 47500 44850 47600 44850 47100 44850 64200 44850 48400 44850 54000 44850 48500 44850 49300 44850 54500 44850 47500 44850 49200
400 79800 81400 79800 81200 79800 86900 79800 81700 79800 81200 79800 91000 79800 79200 79800 95600 79800 80700 79800 81600 79800 81000 79800 81600 79800 81400 79800 91800 79800 220600 79800 113800 79800 130400 79800 145800 79800 144500 79800 258800 79800 257200 79800 262300 79800 268200 79800 260700 79800 295000 79800 238200 79800 239800 79800 237600 79800 255100 79800 423400 79800 262400 79800 244000 79800 237000 79800 239200 79800 238600 79800 237600 79800 255400 79800 238800 79800 236100 79800 240000
500 124750 388600 124750 377800 124750 358600 124750 385300 124750 376900 124750 364500 124750 375200 124750 358300 124750 242800 124750 245200 124750 245600 124750 242700 124750 246700 124750 244600 124750 179900 124750 256800 124750 247300 124750 245100 124750 243000 124750 267300 124750 145300 124750 145800 124750 145200 124750 144900 124750 144200 124750 146900 124750 144700 124750 145100 124750 145100 124750 157400 124750 145400 124750 145400 124750 151000 124750 149100 124750 145700 124750 154500 124750 122300 124750 123000 124750 122800 124750 121100
600 179700 170000 179700 184700 179700 171200 179700 170700 179700 169700 179700 172100 179700 171400 179700 172900 179700 170600 179700 172000 179700 172500 179700 292500 179700 240900 179700 242500 179700 241700 179700 240300 179700 240400 179700 253400 179700 239200 179700 244800 179700 242600 179700 243000 179700 242100 179700 241300 179700 249900 179700 240800 179700 240900 179700 240700 179700 242000 179700 243900 179700 263600 179700 263300 179700 240000 179700 240700 179700 290900 179700 171600 179700 170900 179700 171400 179700 169300 179700 172100
700 244650 278200 244650 262900 244650 333900 244650 351900 244650 334700 244650 347900 244650 340900 244650 352100 244650 349200 244650 338000 244650 404500 244650 397800 244650 409900 244650 372300 244650 365600 244650 379200 244650 349000 244650 332600 244650 348300 244650 355500 244650 349000 244650 272100 244650 236800 244650 227700 244650 228300 244650 228300 244650 227800 244650 254500 244650 229000 244650 228900 244650 227700 244650 229800 244650 228900 244650 227300 244650 237100 244650 228500 244650 228400 244650 229300 244650 228800 244650 230500
800 319600 297600 319600 290600 319600 310000 319600 293400 319600 293400 319600 292800 319600 302500 319600 291400 319600 285900 319600 305200 319600 292300 319600 292600 319600 294200 319600 299100 319600 294300 319600 296100 319600 294100 319600 293400 319600 303300 319600 298800 319600 291500 319600 295000 319600 293400 319600 291000 319600 294100 319600 296500 319600 293200 319600 292500 319600 291800 319600 291100 319600 292700 319600 296100 319600 293000 319600 296500 319600 293300 319600 292300 319600 291600 319600 296400 319600 292400 319600 292100
900 404550 366100 404550 365200 404550 364000 404550 365000 404550 367500 404550 363300 404550 365300 404550 368700 404550 365500 404550 366800 404550 374000 404550 364600 404550 371200 404550 378300 404550 365400 404550 366500 404550 367700 404550 368000 404550 363900 404550 366000 404550 364500 404550 365300 404550 371700 404550 364900 404550 364700 404550 389600 404550 365200 404550 370500 404550 366400 404550 376300 404550 381500 404550 367100 404550 371000 404550 365900 404550 365000 404550 365100 404550 363500 404550 367300 404550 369400 404550 375700
1000 499500 448900 499500 454800 499500 446700 499500 444900 499500 446600 499500 451200 499500 445400 499500 447800 499500 447700 499500 452200 499500 447000 499500 445300 499500 446800 499500 452100 499500 446800 499500 447400 499500 445000 499500 448400 499500 447600 499500 462700 499500 446400 499500 445300 499500 448900 499500 446400 499500 449000 499500 445700 499500 445800 499500 446000 499500 445400 499500 445000 499500 450500 499500 446300 499500 446200 499500 473400 499500 450900 499500 449600 499500 443800 499500 446500 499500 451100 499500 458700
1100 604450 536400 604450 637300 604450 616100 604450 547400 604450 629000 604450 545000 604450 623700 604450 549700 604450 623800 604450 545800 604450 631500 604450 544500 604450 623700 604450 551700 604450 621800 604450 547800 604450 655400 604450 619900 604450 634500 604450 553500 604450 618700 604450 545800 604450 624700 604450 562700 604450 619500 604450 550700 604450 617100 604450 571600 604450 630000 604450 620700 604450 569900 604450 625400 604450 546800 604450 625300 604450 547800 604450 618200 604450 623100 604450 551000 604450 620100 604450 546300
1200 719400 738800 719400 737900 719400 729700 719400 753400 719400 738000 719400 740100 719400 738200 719400 738600 719400 749400 719400 637000 719400 741100 719400 675000 719400 748400 719400 745900 719400 733300 719400 741400 719400 746800 719400 739100 719400 773400 719400 738200 719400 751500 719400 749400 719400 739200 719400 732900 719400 737200 719400 738200 719400 746300 719400 748900 719400 736400 719400 738500 719400 742000 719400 738100 719400 740200 719400 743100 719400 741500 719400 766100 719400 736000 719400 747800 719400 735100 719400 741800
